Record Nn' Vn' Fn' On'  Nv   Vv  Fv' Ov' No' Vo' Fo'  Q Se   Q +P   V Se   V +P  V FPR
 100  1901   1   0 535   0    0   0   0   0   0   0 100.00  78.05   0.00      -  0.000
 101  1521   0   2 1440   0    0   0   0   0   0   0 100.00  51.40      -      -  0.000
 102     1   2 1817 828   0    0   0   0   0   1   0  99.95  68.73   0.00      -  0.000
 103  1729   0   0 1122   0    0   0   0   0   0   0 100.00  60.65      -      -  0.000
 104    98   1 1757 704   0    0   0   0   0   0   1  99.95  72.50   0.00      -  0.000
 105  2116  29   5 281   0    0   0   0   5   0   0  99.77  88.44   0.00      -  0.000
 106  1236 455   0 1479   0    0   0   0   0   5   0  99.71  53.34   0.00      -  0.000
 107     0  57 1727 967   0    0   0   0   0   0   0 100.00  64.85   0.00      -  0.000
 108  1450  13   2 2290   0    0   0   0  15   0   0  98.99  39.01   0.00      -  0.000
 109  2065  32   0 221   0    0   0   0   2   0   0  99.90  90.47   0.00      -  0.000
 111  1775   1   0 1699   0    0   0   0   0   0   0 100.00  51.11   0.00      -  0.000
 112  2111   0   0  63   0    0   0   0   0   0   0 100.00  97.10      -      -  0.000
 113  1506   0   0 1471   0    0   0   0   0   0   0 100.00  50.59      -      -  0.000
 114  1569  30   4 1344   0    0   0   0   1   0   0  99.94  54.39   0.00      -  0.000
 115  1637   0   0 1221   0    0   0   0   0   0   0 100.00  57.28      -      -  0.000
 116  1913  98   0 235   0    0   0   0   6   0   0  99.70  89.54   0.00      -  0.000
 117  1284   0   0 1892   0    0   0   0   0   0   0 100.00  40.43      -      -  0.000
 118  1902  13   0 693   0    0   0   0   1   0   0  99.95  73.43   0.00      -  0.000
 119  1297 364   0 1348   0    0   0   0   0   0   0 100.00  55.20   0.00      -  0.000
 121  1558   1   0 2681   0    0   0   0   1   0   0  99.94  36.77   0.00      -  0.000
 122  2054   0   0 133   0    0   0   0   0   0   0 100.00  93.92      -      -  0.000
 123  1266   3   0 1940   0    0   0   0   0   0   0 100.00  39.55   0.00      -  0.000
 124  1315  47   5 1704   0    0   0   0   0   0   0 100.00  44.51   0.00      -  0.000
 200  1455 698   2 882   0    0   0   0  11   2   0  99.40  70.96   0.00      -  0.000
 201  1319 198   2 1618   0    0   0   0   2   0   0  99.87  48.42   0.00      -  0.000
 202  1854  15   1 1207   0    0   0   0   1   0   0  99.95  60.77   0.00      -  0.000
 203  2074 369   4 1326   0    0   0   0  29   4   1  98.63  64.86   0.00      -  0.000
 205  2125  64  11  29   0    0   0   0   0   1   0  99.95  98.70   0.00      -  0.000
 207  1475 109   0 1635   0    0   0   0   8   0   0  99.50  49.21   0.00      -  0.000
 208  1306 787 303 631   0    0   0   0   4  37   0  98.32  79.15   0.00      -  0.000
 209  2514   1   0  87   0    0   0   0   4   0   0  99.84  96.66   0.00      -  0.000
 210  2030 165   9 476   0    0   0   0   0   0   0 100.00  82.24   0.00      -  0.000
 212  2285   0   0 293   0    0   0   0   0   0   0 100.00  88.63      -      -  0.000
 213  2236 176 269   7   0    0   0   0   0  19   0  99.30  99.74   0.00      -  0.000
 214  1663 212   3 801   0    0   0   0   1   0   0  99.95  70.10   0.00      -  0.000
 215  2663 131   1 154   0    0   0   0   0   0   0 100.00  94.78   0.00      -  0.000
 217   235 140 1470 784   0    0   0   0   0   0   0 100.00  70.18   0.00      -  0.000
 219  1722  51   0 984   0    0   0   0   0   0   0 100.00  64.31   0.00      -  0.000
 220  1694   0   0 1238   0    0   0   0   0   0   0 100.00  57.78      -      -  0.000
 221  1704 311   0 721   0    0   0   0   0   5   0  99.75  73.65   0.00      -  0.000
 222  2116   0   0 878   0    0   0   0   0   0   0 100.00  70.67      -      -  0.000
 223  1736 418   8 219   0    0   0   0   0  37   0  98.32  90.80   0.00      -  0.000
 228  1394 301   0 1856   0    0   0   0   7   1   0  99.53  47.73   0.00      -  0.000
 230  1858   1   0 714   0    0   0   0   0   0   0 100.00  72.25   0.00      -  0.000
 231  1278   0   0 1911   0    0   0   0   0   0   0 100.00  40.08      -      -  0.000
 232  1485   0   0 1344   0    0   0   0   0   0   0 100.00  52.49      -      -  0.000
 233  1863 690   6 231   0    0   0   0   0   2   0  99.92  91.72   0.00      -  0.000
 234  2288   0   0   6   0    0   0   0   0   3   0  99.87  99.74   0.00      -  0.000
______________________________________________________________________________________
Sum   77676 5984 7408 46323   0    0   0   0  98 117   2
Gross                                                   99.76  66.28   0.00      -  0.000
Average                                                 99.79  68.48   0.00      -  0.000
Total QRS complexes: 91285  Total VEBs: 6101

Summary of results from 48 records
